# energy 	 size (m) 	 pop 	 delta_scan
4.797339152110129860e-31	2.409531953541155290e-04	5.898180317165657716e-03	-8.000000000000000000e+00
4.792364614955992584e-31	2.408282363433059342e-04	6.380669861186006458e-03	-7.750000000000000000e+00
4.786730420411929005e-31	2.406866285688035530e-04	6.924986129273663985e-03	-7.500000000000000000e+00
4.780315001628735785e-31	2.405252842793574651e-04	7.542167313860021101e-03	-7.250000000000000000e+00
4.772967509252897376e-31	2.403403657858385958e-04	8.245837727771983955e-03	-7.000000000000000000e+00
4.764500054376263520e-31	2.401270839463550755e-04	9.052861870534903432e-03	-6.750000000000000000e+00
4.754673743709806671e-31	2.398793369480260924e-04	9.984562255455338084e-03	-6.500000000000000000e+00
4.743181793212398970e-31	2.395892698118617221e-04	1.106811731956176131e-02	-6.250000000000000000e+00
4.729630336265989198e-31	2.392467670170895784e-04	1.233821035983273702e-02	-6.000000000000000000e+00
4.713501622841819039e-31	2.388384858613791571e-04	1.384009983701844047e-02	-5.750000000000000000e+00
4.694107251619035971e-31	2.383466119492271701e-04	1.563351142562853860e-02	-5.500000000000000000e+00
4.670514437376160902e-31	2.377468865322042522e-04	1.779875001455576145e-02	-5.250000000000000000e+00
4.641450698392821095e-31	2.370060049073015351e-04	2.044451580826519774e-02	-5.000000000000000000e+00
4.605129934161268042e-31	2.360768615721427254e-04	2.372216095665574329e-02	-4.750000000000000000e+00
4.559017295324604520e-31	2.348919312793398969e-04	2.784485361054422903e-02	-4.500000000000000000e+00
4.499449043365084306e-31	2.333523332484185365e-04	3.311868261039226102e-02	-4.250000000000000000e+00
4.421037257581474382e-31	2.313100839522737415e-04	3.999153399060608599e-02	-4.000000000000000000e+00
4.315835130363992415e-31	2.285414095995467912e-04	4.912336677795987178e-02	-3.750000000000000000e+00
4.172232049678376925e-31	2.247070541178370446e-04	6.148475263311695832e-02	-3.500000000000000000e+00
3.974191434896069033e-31	2.193092099189680830e-04	7.844738369414061552e-02	-3.250000000000000000e+00
3.702424151008429752e-31	2.116779222009869746e-04	1.017700429961525960e-01	-3.000000000000000000e+00
3.342339304931381730e-31	2.011211515064343118e-04	1.331212087690090973e-01	-2.750000000000000000e+00
2.897680561041972262e-31	1.872654818808315602e-04	1.731344205378530787e-01	-2.500000000000000000e+00
2.398768447371241720e-31	1.703831498061433728e-04	2.205901836282190276e-01	-2.250000000000000000e+00
1.892771710542121108e-31	1.513497113328663118e-04	2.726554664320710586e-01	-2.000000000000000000e+00
1.424471901558643174e-31	1.312983965138507405e-04	3.259431495251972621e-01	-1.750000000000000000e+00
1.024193649403668162e-31	1.113328990745819793e-04	3.774050330999503267e-01	-1.500000000000000000e+00
7.045806075225792312e-32	9.234169065816423409e-05	4.248754505361072575e-01	-1.250000000000000000e+00
4.640437448117064344e-32	7.493969828254762420e-05	4.672404451141479731e-01	-1.000000000000000000e+00
2.921234266187048723e-32	5.945873591758134177e-05	5.044308059100933717e-01	-7.500000000000000000e-01
1.751841357084675905e-32	4.604472316740433168e-05	5.371420824870815069e-01	-5.000000000000000000e-01
1.009636744299793525e-32	3.495546249601879784e-05	5.663780874183168557e-01	-2.500000000000000000e-01
6.052586914980117348e-33	2.706468620320071406e-05	5.931408185891033913e-01	0.000000000000000000e+00
4.832471550705571370e-33	2.418338733184442947e-05	6.183266760204235712e-01	2.500000000000000000e-01
6.168354433989195400e-33	2.732229266269450092e-05	6.427100237147863604e-01	5.000000000000000000e-01
1.002667161866194550e-32	3.483460374378817760e-05	6.669568355169470664e-01	7.500000000000000000e-01
1.656549870657976426e-32	4.477491151397120401e-05	6.916444328858781798e-01	1.000000000000000000e+00
2.608383939349285411e-32	5.618472215423813126e-05	7.172479834969069934e-01	1.250000000000000000e+00
3.893934962484412980e-32	6.864783191173658291e-05	7.440825603715152115e-01	1.500000000000000000e+00
5.540748358970768227e-32	8.188732645746483140e-05	7.721949699191017480e-01	1.750000000000000000e+00
7.550318297614310535e-32	9.559058271430374159e-05	8.012877958264228440e-01	2.000000000000000000e+00
9.876226598162167230e-32	1.093271436665025281e-04	8.306625647193912609e-01	2.250000000000000000e+00
1.240323478787004808e-31	1.225180176252424198e-04	8.591999680729642819e-01	2.500000000000000000e+00
1.495060684480404435e-31	1.345122661269614940e-04	8.855308758677594705e-01	2.750000000000000000e+00
1.731153561687860466e-31	1.447439018195120449e-04	9.083914413071190186e-01	3.000000000000000000e+00
1.932726174424709665e-31	1.529387875484924627e-04	9.270881405895885496e-01	3.250000000000000000e+00
2.093869110887378062e-31	1.591868701232483456e-04	9.416865455049285849e-01	3.500000000000000000e+00
2.217846690777547927e-31	1.638318139733635080e-04	9.528133861010363859e-01	3.750000000000000000e+00
2.312118641113159529e-31	1.672775027520442782e-04	9.612685502932644122e-01	4.000000000000000000e+00
2.383990395483831635e-31	1.698575006825429347e-04	9.677418241574796687e-01	4.250000000000000000e+00
2.439386819963857942e-31	1.718196441673748532e-04	9.727644035603959516e-01	4.500000000000000000e+00
2.482681930052577139e-31	1.733376963196333253e-04	9.767200848877889419e-01	4.750000000000000000e+00
2.517004751867770493e-31	1.745317713881242071e-04	9.798812049591477669e-01	5.000000000000000000e+00
2.544603170007248993e-31	1.754860145020039881e-04	9.824431678934084644e-01	5.250000000000000000e+00
2.567084173198892665e-31	1.762594998246529740e-04	9.845461023574462178e-01	5.500000000000000000e+00
2.585610093610468775e-31	1.768943639538008035e-04	9.862917285764292163e-01	5.750000000000000000e+00
2.601049353186428035e-31	1.774217159135045932e-04	9.877565246680841682e-01	6.000000000000000000e+00
2.614045340967049966e-31	1.778644021433905447e-04	9.889974327881165816e-01	6.250000000000000000e+00
2.625078128050936906e-31	1.782393523886403614e-04	9.900573029169661421e-01	6.500000000000000000e+00
2.634523277910623701e-31	1.785597210987139530e-04	9.909697961616307227e-01	6.750000000000000000e+00
2.642669847572114595e-31	1.788355824707179708e-04	9.917610149733782077e-01	7.000000000000000000e+00
2.649743585177535066e-31	1.790747706111431889e-04	9.924514559371286904e-01	7.250000000000000000e+00
2.655924195230186836e-31	1.792834977270136275e-04	9.930575355128471449e-01	7.500000000000000000e+00
2.661356728199913369e-31	1.794667608594599961e-04	9.935925723112798424e-01	7.750000000000000000e+00
2.666154577020841195e-31	1.796284578341107198e-04	9.940670665551258889e-01	8.000000000000000000e+00
