# energy 	 size (m) 	 pop 	 delta_scan
4.818616568712080475e-31	2.414869484613630627e-04	4.041138537558498257e-03	-8.000000000000000000e+00
4.816127793391320121e-31	2.414245774080909970e-04	4.309094554486199435e-03	-7.750000000000000000e+00
4.813381384825939414e-31	2.413557311160862741e-04	4.604491121921429168e-03	-7.500000000000000000e+00
4.810344256006136138e-31	2.412795742467731036e-04	4.931170448029165328e-03	-7.250000000000000000e+00
4.806972119437469572e-31	2.411949887915397983e-04	5.293694577215912918e-03	-7.000000000000000000e+00
4.803213741907220263e-31	2.411006800393401665e-04	5.697477366027110801e-03	-6.750000000000000000e+00
4.799007960163888576e-31	2.409951008414252767e-04	6.148985970054897561e-03	-6.500000000000000000e+00
4.794282690682215874e-31	2.408764255589406010e-04	6.655987330850718711e-03	-6.250000000000000000e+00
4.788948162441572002e-31	2.407423784223608368e-04	7.227899552664659999e-03	-6.000000000000000000e+00
4.782897293437327657e-31	2.405902405232950459e-04	7.876190163424581087e-03	-5.750000000000000000e+00
4.775995281719724399e-31	2.404165846761146760e-04	8.614978838336947303e-03	-5.500000000000000000e+00
4.768078900133529757e-31	2.402172525334403473e-04	9.461728295960326537e-03	-5.250000000000000000e+00
4.758940087810673945e-31	2.399869340595813384e-04	1.043831781819803267e-02	-5.000000000000000000e+00
4.748317887935893974e-31	2.397189528280414404e-04	1.157236122695895833e-02	-4.750000000000000000e+00
4.735876803228531495e-31	2.394047026074936702e-04	1.289914006136065779e-02	-4.500000000000000000e+00
4.721185806571610648e-31	2.390330897432048243e-04	1.446418115747036617e-02	-4.250000000000000000e+00
4.703675255106210553e-31	2.385893993620372437e-04	1.632712736888853114e-02	-4.000000000000000000e+00
4.682593419650187920e-31	2.380541210055036531e-04	1.856698954450642855e-02	-3.750000000000000000e+00
4.656922365475712320e-31	2.374006904873981582e-04	2.129023201806773402e-02	-3.500000000000000000e+00
4.625270480441704124e-31	2.365925397039257434e-04	2.464244804872717937e-02	-3.250000000000000000e+00
4.585694754764617252e-31	2.355781734360626984e-04	2.882643038189121668e-02	-3.000000000000000000e+00
4.535425990491187431e-31	2.342834016216709581e-04	3.413026976257021311e-02	-2.750000000000000000e+00
4.470450818379876436e-31	2.325991586474587770e-04	4.097109989883357395e-02	-2.500000000000000000e+00
4.384823891751656094e-31	2.303607885567096863e-04	4.996579482422243423e-02	-2.250000000000000000e+00
4.269566580832638533e-31	2.273130525222407175e-04	6.204503530687347640e-02	-2.000000000000000000e+00
4.110909843770543526e-31	2.230496032058900617e-04	7.863669581938105557e-02	-1.750000000000000000e+00
3.887675327795495702e-31	2.169089504853994840e-04	1.019458989668161064e-01	-1.500000000000000000e+00
3.567979313315724212e-31	2.077990906271966318e-04	1.353303065490233936e-01	-1.250000000000000000e+00
3.107870237369077698e-31	1.939384487553341609e-04	1.835679589713799242e-01	-1.000000000000000000e+00
2.461589389914762530e-31	1.725997985363084532e-04	2.522048416679218974e-01	-7.500000000000000000e-01
1.628627279240681138e-31	1.403923136548722913e-04	3.438654267457352809e-01	-5.000000000000000000e-01
7.616434983910891807e-32	9.600820462938989587e-05	4.497213853783929016e-01	-2.500000000000000000e-01
2.029220165651513345e-32	4.955609348642831327e-05	5.445015160974031598e-01	0.000000000000000000e+00
4.852236455460438733e-33	2.423279213432037152e-05	6.197801026305302941e-01	2.500000000000000000e-01
2.034695970572822811e-32	4.962291144127382034e-05	6.890902442369092329e-01	5.000000000000000000e-01
6.140467860195982569e-32	8.620514964330486035e-05	7.591253478613959604e-01	7.500000000000000000e-01
1.102415252957473339e-31	1.155061439235771322e-04	8.206314783068053842e-01	1.000000000000000000e+00
1.504105314744693893e-31	1.349185303145565757e-04	8.665378150379546840e-01	1.250000000000000000e+00
1.797859430750915558e-31	1.475062237906355389e-04	8.990126398507514160e-01	1.500000000000000000e+00
2.007476493322680835e-31	1.558682692605095925e-04	9.218987809443009995e-01	1.750000000000000000e+00
2.158088712566864287e-31	1.616095888670235337e-04	9.382662723551777884e-01	2.000000000000000000e+00
2.268196181749439111e-31	1.656810301933346911e-04	9.502158438889829473e-01	2.250000000000000000e+00
2.350324384046014122e-31	1.686538974994479696e-04	9.591302840652152772e-01	2.500000000000000000e+00
2.412808493495710801e-31	1.708810505330164437e-04	9.659185396687802738e-01	2.750000000000000000e+00
2.461245661371209144e-31	1.725877474710837869e-04	9.711867794700601575e-01	3.000000000000000000e+00
2.499430783068580812e-31	1.739214053222247079e-04	9.753455895773360806e-01	3.250000000000000000e+00
2.530003542687547222e-31	1.749818659718763169e-04	9.786795967134769292e-01	3.500000000000000000e+00
2.554819751241103953e-31	1.758379497579657183e-04	9.813893158119243454e-01	3.750000000000000000e+00
2.575214057500536452e-31	1.765383836659086773e-04	9.836189527791362464e-01	4.000000000000000000e+00
2.592160927104091355e-31	1.771183096437631656e-04	9.854739646419212740e-01	4.250000000000000000e+00
2.606388248833493795e-31	1.776037098559371335e-04	9.870328494393130203e-01	4.500000000000000000e+00
2.618438661363172381e-31	1.780138041537088504e-04	9.883546844087389704e-01	4.750000000000000000e+00
2.628731109624794053e-31	1.783633255964956876e-04	9.894847595228249970e-01	5.000000000000000000e+00
2.637588133252581988e-31	1.786635540481929516e-04	9.904581132203665872e-01	5.250000000000000000e+00
2.645262459734840005e-31	1.789232849972404013e-04	9.913022064197393179e-01	5.500000000000000000e+00
2.651953939967013737e-31	1.791494450565882647e-04	9.920387833805330846e-01	5.750000000000000000e+00
2.657822309289811820e-31	1.793475507126422394e-04	9.926852349122002872e-01	6.000000000000000000e+00
2.662996173617025921e-31	1.795220297862593626e-04	9.932555917980965265e-01	6.250000000000000000e+00
2.667580955245536572e-31	1.796765015340777015e-04	9.937612833005440294e-01	6.500000000000000000e+00
2.671660952538860054e-31	1.798138543566748105e-04	9.942116626493250342e-01	6.750000000000000000e+00
2.675308145231649308e-31	1.799365480891102365e-04	9.946144805640179110e-01	7.000000000000000000e+00
2.678580887109078160e-31	1.800465738985206694e-04	9.949761706614504986e-01	7.250000000000000000e+00
2.681528604522112540e-31	1.801456152399238573e-04	9.953021241963552201e-01	7.500000000000000000e+00
2.684193093425344711e-31	1.802350934604243478e-04	9.955968819236753475e-01	7.750000000000000000e+00
2.686608713532681111e-31	1.803161758547515501e-04	9.958642817258697155e-01	8.000000000000000000e+00
