# energy 	 size (m) 	 pop 	 delta_scan
4.849514591488158634e-31	3.380774720151327181e-05	3.904263360851516901e-03	-8.000000000000000000e+00
4.847206734902020083e-31	3.336429083148671564e-05	4.158528920154692769e-03	-7.750000000000000000e+00
4.844662426079369999e-31	3.335721474396380782e-05	4.438348904926280557e-03	-7.500000000000000000e+00
4.841846771830180286e-31	3.334939564485477764e-05	4.747249227632872881e-03	-7.250000000000000000e+00
4.838728613855583291e-31	3.334072748153674447e-05	5.089378706062426712e-03	-7.000000000000000000e+00
4.835256572909180676e-31	3.333108611081195890e-05	5.469654029909036194e-03	-6.750000000000000000e+00
4.831377297534567642e-31	3.332031506886386110e-05	5.893927084449199563e-03	-6.500000000000000000e+00
4.827025464077295336e-31	3.145529813071107312e-05	6.369209499506249539e-03	-6.250000000000000000e+00
4.822127448259136145e-31	3.144234458417713874e-05	6.903953618246530359e-03	-6.000000000000000000e+00
4.816581459198036998e-31	3.117207742183932434e-05	7.508429748766760024e-03	-5.750000000000000000e+00
4.810273016459349954e-31	2.985330353234441102e-05	8.195199108857983625e-03	-5.500000000000000000e+00
4.803061683072920426e-31	2.983425926023872775e-05	8.979754254419797244e-03	-5.250000000000000000e+00
4.794760910111072303e-31	2.564028826136042146e-05	9.881380354264938937e-03	-5.000000000000000000e+00
4.785154894822866436e-31	2.561485738156157993e-05	1.092428675485003151e-02	-4.750000000000000000e+00
4.773951198398090126e-31	2.558516667804126225e-05	1.213920832117606000e-02	-4.500000000000000000e+00
4.760789374775174763e-31	2.293217419043009896e-05	1.356556568935000928e-02	-4.250000000000000000e+00
4.745188529147087085e-31	2.289384544813070967e-05	1.525456468695908854e-02	-4.000000000000000000e+00
4.726525070232137866e-31	1.630935957455446371e-05	1.727356681175466063e-02	-3.750000000000000000e+00
4.703963267053838509e-31	1.591013619404266181e-05	1.971247925588784367e-02	-3.500000000000000000e+00
4.676371818124894265e-31	1.587724217524817176e-05	2.269317354813123189e-02	-3.250000000000000000e+00
4.642182352765913072e-31	1.568957415302972433e-05	2.638369099061752682e-02	-3.000000000000000000e+00
4.599207533392966241e-31	1.562664936003523480e-05	3.101994817609682320e-02	-2.750000000000000000e+00
4.544310637265780215e-31	1.554584319781972056e-05	3.693976154492994990e-02	-2.500000000000000000e+00
4.472889747168777896e-31	1.544457561398910394e-05	4.463702553189501099e-02	-2.250000000000000000e+00
4.378111394317585101e-31	1.530377147840679519e-05	5.484879775672806684e-02	-2.000000000000000000e+00
4.249563814975249359e-31	1.511706730939052154e-05	6.869703412796834829e-02	-1.750000000000000000e+00
4.071248178784362413e-31	1.484007381872155360e-05	8.791416578023117379e-02	-1.500000000000000000e+00
3.818533293128548682e-31	1.444366898331288901e-05	1.151820078998451458e-01	-1.250000000000000000e+00
3.454791674209098182e-31	1.385571283218526403e-05	1.545443138710210218e-01	-1.000000000000000000e+00
2.931386756175722058e-31	1.296478006388221376e-05	2.115572660458080456e-01	-7.500000000000000000e-01
2.204101113839500372e-31	1.159893815621080612e-05	2.919982958973940113e-01	-5.000000000000000000e-01
1.292613044540297625e-31	9.613694020172073763e-06	3.969621903401694962e-01	-2.500000000000000000e-01
4.045583038248256144e-32	7.137443634091172237e-06	5.148596915576040267e-01	0.000000000000000000e+00
5.010448406532228195e-33	5.900321979943498428e-06	6.206506354479197629e-01	2.500000000000000000e-01
3.672473073835765223e-32	6.983911740649699661e-06	7.129555433073746507e-01	5.000000000000000000e-01
9.197881746084504789e-32	8.633455867075791351e-06	7.900680967530712140e-01	7.500000000000000000e-01
1.382600994025371520e-31	9.798306214419868885e-06	8.461084385211818937e-01	1.000000000000000000e+00
1.719393909103546394e-31	1.057230275624457888e-05	8.851104755794179102e-01	1.250000000000000000e+00
1.957801367365421332e-31	1.108423214144969161e-05	9.122146922966816174e-01	1.500000000000000000e+00
2.127650542634416431e-31	1.143591183140498794e-05	9.313477086455650422e-01	1.750000000000000000e+00
2.250773863454560907e-31	1.168341231045327083e-05	9.451483470011946553e-01	2.000000000000000000e+00
2.341875121435907176e-31	1.186238567015401688e-05	9.553312407420961883e-01	2.250000000000000000e+00
2.410687242154968586e-31	1.199563068306680252e-05	9.630099865363823675e-01	2.500000000000000000e+00
2.463668493450324850e-31	1.214621400141498445e-05	9.689173857275243940e-01	2.750000000000000000e+00
2.505192209751057916e-31	1.222957978658252989e-05	9.735450128975251527e-01	3.000000000000000000e+00
2.538250879773101052e-31	1.235751745886072213e-05	9.772293318833460418e-01	3.250000000000000000e+00
2.564958336831963987e-31	1.240813070092756103e-05	9.802055053706371091e-01	3.500000000000000000e+00
2.586809692100228940e-31	1.245588824540251351e-05	9.826410251466701773e-01	3.750000000000000000e+00
2.604888317066513237e-31	1.244015277874912053e-05	9.846574204765458083e-01	4.000000000000000000e+00
2.620011118606211862e-31	1.247408914259023577e-05	9.863444031559133185e-01	4.250000000000000000e+00
2.632773276304148731e-31	1.241139976967607098e-05	9.877691681476222785e-01	4.500000000000000000e+00
2.643638201287170563e-31	2.221556396169627166e-05	9.889828156664302039e-01	4.750000000000000000e+00
2.652956253786943814e-31	2.221997854881298601e-05	9.900246919377079236e-01	5.000000000000000000e+00
2.661007569395800458e-31	2.558499322092803324e-05	9.909254751328422373e-01	5.250000000000000000e+00
2.668006422800918867e-31	2.558583268707287828e-05	9.917093369843217321e-01	5.500000000000000000e+00
2.674130112648695160e-31	2.735921063460309589e-05	9.923955299204874070e-01	5.750000000000000000e+00
2.679512643722952030e-31	2.735923978365799016e-05	9.929995211434721192e-01	6.000000000000000000e+00
2.684270592541130837e-31	2.735926273380226065e-05	9.935338577955254991e-01	6.250000000000000000e+00
2.688493004336882682e-31	2.735928031229228872e-05	9.940087907500322340e-01	6.500000000000000000e+00
2.692259460162552119e-31	2.735929320081243826e-05	9.944327661102587701e-01	6.750000000000000000e+00
2.695633248756302646e-31	2.735930196476947000e-05	9.948127863213284128e-01	7.000000000000000000e+00
2.698661994465193029e-31	2.735930707587738074e-05	9.951546941721457484e-01	7.250000000000000000e+00
2.701393612336603527e-31	2.735930892991400576e-05	9.954634007361554682e-01	7.500000000000000000e+00
2.703865221499991401e-31	2.735931033167869641e-05	9.957430526000050630e-01	7.750000000000000000e+00
2.706106777187544793e-31	2.735930661835449262e-05	9.959971703308196922e-01	8.000000000000000000e+00
